Cars207.png[[98, 37, 99, 38], [105, 37, 106, 38], [111, 37, 112, 38], [27, 41, 194, 106], [166, 44, 166, 44], [166, 50, 166, 50], [271, 56, 360, 84], [24, 123, 360, 388], [163, 152, 163, 153], [270, 152, 270, 153], [226, 163, 226, 163], [225, 165, 229, 165], [187, 169, 191, 170], [110, 228, 234, 256], [148, 228, 152, 234], [154, 228, 154, 229], [156, 228, 156, 229], [156, 228, 158, 234], [160, 228, 162, 234], [172, 228, 173, 229], [183, 228, 184, 229], [186, 228, 186, 229], [154, 231, 154, 234], [164, 231, 164, 231], [171, 231, 173, 234], [210, 231, 210, 234], [238, 239, 241, 240], [201, 246, 205, 248], [210, 247, 210, 248], [104, 253, 106, 254], [210, 253, 210, 254], [225, 257, 226, 258], [228, 257, 229, 258], [130, 259, 154, 264], [156, 262, 158, 263], [160, 262, 162, 263], [166, 262, 166, 263], [95, 267, 95, 267], [166, 328, 169, 328], [164, 335, 164, 335], [166, 335, 169, 335], [240, 335, 240, 335], [171, 339, 173, 339], [156, 381, 162, 382], [149, 382, 149, 382], [151, 382, 151, 382], [291, 385, 293, 385], [29, 388, 360, 456], [222, 396, 224, 396], [230, 396, 230, 396]]
Cars213.png[[26, 30, 241, 94], [90, 30, 94, 32], [139, 45, 143, 46], [314, 74, 314, 75], [236, 86, 236, 88], [104, 154, 263, 194], [105, 185, 106, 186]]
Cars53.png[[69, 61, 151, 87], [124, 61, 125, 63], [156, 67, 156, 81], [30, 140, 359, 241]]
Cars47.png[[124, 10, 298, 50], [125, 44, 125, 44], [124, 92, 304, 151], [201, 154, 203, 154]]
Cars90.png[[35, 12, 315, 90], [314, 24, 315, 38], [210, 52, 213, 54], [131, 78, 131, 81], [290, 98, 335, 118], [180, 216, 240, 233]]
Cars159.png[[29, 30, 158, 81], [37, 104, 134, 143], [130, 179, 282, 211]]
Cars84.png[[100, 135, 158, 149], [158, 148, 158, 149]]
Cars171.png[[29, 7, 370, 75], [163, 27, 163, 28], [107, 33, 109, 34], [150, 40, 150, 42], [264, 47, 270, 48], [274, 47, 276, 48], [279, 47, 279, 48], [291, 74, 291, 74], [298, 74, 298, 74], [61, 80, 99, 81], [44, 134, 333, 178]]
Cars165.png[[129, 11, 353, 69], [425, 25, 539, 64], [421, 55, 421, 55], [420, 61, 422, 61], [421, 63, 421, 63], [407, 67, 408, 67], [411, 67, 421, 67], [430, 67, 458, 67], [407, 69, 408, 69], [419, 69, 419, 69], [421, 69, 421, 69], [432, 69, 436, 69], [440, 69, 458, 69], [403, 74, 408, 74], [403, 80, 403, 80], [222, 90, 561, 328], [465, 145, 469, 146], [472, 145, 474, 146], [476, 145, 476, 146], [455, 166, 455, 166], [457, 166, 457, 166], [462, 166, 465, 166], [470, 166, 471, 166], [455, 172, 455, 172], [457, 172, 458, 172], [462, 172, 464, 173], [470, 172, 471, 172], [444, 180, 445, 180], [451, 180, 452, 180], [455, 180, 458, 181], [462, 180, 472, 181], [477, 180, 477, 180], [463, 186, 464, 186], [421, 192, 421, 192], [430, 192, 472, 195], [475, 192, 475, 192], [477, 192, 477, 192], [421, 194, 421, 194], [426, 194, 427, 194], [475, 194, 475, 194], [411, 201, 479, 205], [481, 203, 483, 203], [431, 210, 434, 211], [438, 210, 449, 211], [451, 210, 452, 211], [455, 210, 458, 211], [462, 210, 465, 211], [470, 210, 471, 211]]
Cars398.png[[185, 17, 240, 44], [24, 126, 310, 230], [197, 155, 200, 155], [235, 159, 235, 159], [145, 162, 146, 163], [149, 172, 151, 173], [156, 172, 156, 172], [158, 172, 158, 172], [160, 172, 160, 173], [166, 172, 166, 173], [219, 175, 221, 175], [111, 179, 168, 186], [207, 182, 208, 182], [156, 183, 158, 184], [160, 183, 160, 184], [113, 192, 137, 192], [140, 192, 143, 192], [149, 192, 149, 192], [89, 199, 89, 199]]
Cars429.png[[43, 8, 166, 44], [97, 74, 99, 75], [130, 74, 131, 84], [75, 80, 94, 81], [97, 80, 100, 84], [104, 80, 106, 81], [113, 80, 113, 81], [117, 80, 117, 81], [119, 80, 119, 81], [124, 80, 125, 81], [126, 158, 128, 158], [130, 158, 164, 158], [166, 158, 166, 158], [83, 160, 218, 195]]
Cars373.png[[50, 126, 274, 166], [308, 142, 329, 143], [308, 148, 329, 155], [283, 149, 283, 150]]
Cars415.png[[24, 17, 169, 112], [164, 98, 164, 99], [96, 120, 162, 124], [158, 120, 158, 121], [92, 123, 94, 124], [164, 123, 164, 124], [126, 156, 274, 186]]
Cars401.png[[74, 22, 136, 38], [117, 37, 117, 38], [82, 44, 82, 44], [87, 44, 106, 44], [113, 74, 136, 75], [141, 74, 143, 75]]
Cars367.png[[97, 80, 415, 144], [253, 111, 254, 114], [261, 111, 265, 114], [271, 111, 274, 114], [277, 111, 278, 112], [281, 111, 285, 114], [290, 111, 293, 114], [297, 111, 298, 112], [79, 117, 82, 124], [90, 117, 94, 124], [225, 122, 225, 122], [222, 150, 222, 151], [75, 151, 405, 224], [222, 154, 224, 154]]
Cars400.png[[148, 172, 166, 174], [148, 176, 274, 213]]
Cars366.png[[147, 122, 408, 169], [141, 135, 144, 143], [358, 150, 359, 151], [382, 171, 403, 173], [376, 172, 377, 172]]
Cars372.png[[319, 17, 471, 54], [43, 20, 510, 174], [315, 30, 316, 32], [151, 67, 151, 67], [139, 83, 143, 84], [214, 138, 215, 140], [219, 138, 222, 141], [245, 138, 245, 140], [49, 218, 137, 248], [395, 264, 520, 310], [74, 276, 344, 315], [80, 277, 94, 279], [403, 284, 405, 285], [407, 284, 408, 285], [98, 358, 173, 388]]
Cars414.png[[276, 203, 279, 223]]
Cars428.png[[83, 113, 324, 164], [227, 113, 227, 114], [230, 113, 230, 114]]
Cars399.png[[49, 70, 366, 151], [200, 122, 200, 122], [126, 131, 129, 133], [132, 131, 133, 133]]
Cars164.png[[234, 49, 341, 76], [52, 130, 322, 186]]
Cars170.png[[37, 7, 467, 112], [391, 39, 394, 42], [310, 51, 310, 51], [312, 51, 312, 51], [385, 57, 387, 59], [164, 63, 164, 64], [166, 63, 174, 64], [279, 65, 279, 66], [270, 72, 270, 73], [74, 157, 230, 235], [164, 164, 164, 164], [119, 203, 119, 203], [148, 238, 149, 239]]
Cars85.png[[179, 17, 353, 81], [135, 98, 366, 229], [166, 105, 169, 106], [295, 189, 295, 189]]
Cars158.png[[147, 10, 267, 44], [142, 24, 144, 38], [24, 124, 370, 213], [275, 144, 275, 146], [286, 144, 289, 146], [203, 158, 203, 158], [210, 158, 210, 158], [216, 158, 218, 158], [223, 158, 224, 158], [227, 158, 230, 158], [238, 158, 241, 158], [160, 160, 160, 161], [166, 160, 166, 161], [172, 160, 173, 161], [180, 160, 181, 161], [183, 160, 184, 161], [186, 160, 186, 161], [192, 160, 196, 161], [201, 160, 205, 161], [208, 160, 234, 161], [236, 160, 242, 161], [247, 160, 248, 160], [253, 160, 254, 160], [142, 164, 143, 164], [147, 164, 162, 168], [164, 164, 174, 166], [179, 164, 181, 166], [183, 164, 184, 164], [186, 164, 186, 164], [192, 164, 196, 166], [201, 164, 204, 166], [210, 164, 211, 164], [216, 164, 218, 164], [227, 164, 230, 164], [240, 164, 240, 164], [130, 166, 131, 166], [134, 166, 136, 166], [139, 166, 144, 168], [183, 166, 186, 166], [209, 166, 211, 166], [216, 166, 218, 166], [222, 166, 224, 166], [227, 166, 230, 166], [95, 175, 95, 178], [245, 175, 245, 178], [249, 175, 249, 178], [256, 175, 261, 179], [114, 182, 124, 182], [126, 182, 129, 182], [132, 182, 133, 182], [135, 182, 139, 182], [144, 182, 148, 182], [153, 182, 157, 182], [159, 182, 159, 182], [163, 182, 163, 182], [165, 182, 165, 182], [174, 182, 179, 182], [182, 182, 182, 182], [185, 182, 191, 182], [196, 182, 200, 182], [205, 182, 209, 182], [107, 185, 110, 185], [118, 185, 118, 185], [120, 185, 122, 185], [135, 185, 139, 185], [144, 185, 147, 185], [153, 185, 157, 185], [159, 185, 159, 185], [163, 185, 165, 185], [169, 185, 171, 185], [174, 185, 179, 185], [182, 185, 182, 185], [185, 185, 185, 185], [187, 185, 191, 185], [196, 185, 202, 185]]
Cars91.png[[201, 12, 360, 61], [55, 120, 218, 169], [70, 191, 205, 229]]
Cars46.png[[56, 63, 364, 121], [67, 185, 354, 241], [88, 223, 88, 223], [90, 223, 94, 223], [97, 223, 100, 223], [104, 223, 106, 223]]
Cars52.png[[308, 44, 310, 44], [283, 44, 353, 56], [298, 59, 300, 61], [308, 59, 310, 61], [314, 59, 344, 61], [291, 61, 291, 61], [86, 113, 100, 124], [82, 117, 82, 118], [210, 179, 316, 211], [80, 197, 82, 198], [86, 197, 88, 198]]
Cars212.png[[157, 40, 254, 74], [123, 105, 264, 143]]
Cars206.png[[40, 11, 359, 118], [261, 30, 261, 32], [145, 88, 146, 88], [144, 95, 147, 97], [92, 171, 345, 213], [230, 172, 232, 173], [194, 180, 194, 180], [201, 186, 204, 186], [210, 186, 211, 186]]
Cars238.png[[402, 24, 524, 64], [462, 59, 464, 61], [45, 82, 149, 114], [249, 98, 557, 252], [435, 152, 436, 153], [486, 156, 486, 156], [486, 159, 486, 159], [435, 163, 436, 163], [473, 163, 474, 163], [476, 165, 476, 165], [368, 219, 369, 219], [330, 227, 331, 227], [336, 227, 338, 227], [313, 250, 315, 252], [364, 276, 563, 379], [403, 370, 405, 370]]
Cars210.png[[24, 88, 370, 166], [287, 109, 289, 109], [110, 113, 284, 136], [120, 120, 121, 121], [105, 124, 106, 124]]
Cars204.png[[367, 24, 409, 38], [401, 26, 403, 26], [376, 44, 403, 44], [89, 139, 409, 192], [407, 157, 408, 158], [413, 160, 414, 160], [219, 162, 219, 163], [105, 186, 106, 186], [151, 191, 151, 192], [160, 191, 160, 192], [164, 191, 164, 192], [142, 192, 143, 192]]
Cars199.png[[24, 88, 370, 166], [287, 109, 289, 109], [110, 113, 284, 136], [120, 120, 121, 121], [105, 124, 106, 124]]
Cars44.png[[24, 50, 411, 121], [131, 75, 131, 75], [140, 75, 143, 75], [148, 75, 152, 76], [154, 75, 154, 75], [156, 75, 158, 75], [160, 75, 162, 75], [164, 75, 164, 75], [166, 75, 168, 75], [172, 75, 173, 75], [180, 75, 180, 75], [83, 77, 85, 77], [111, 78, 324, 94], [297, 83, 298, 84], [314, 87, 315, 87], [113, 90, 113, 90], [327, 90, 329, 90], [22, 166, 414, 244], [142, 192, 143, 192], [151, 192, 151, 192], [97, 192, 341, 219], [172, 192, 173, 192], [234, 192, 234, 192], [277, 192, 278, 192], [281, 192, 284, 192], [291, 192, 292, 192], [306, 194, 309, 198], [125, 197, 125, 198], [355, 207, 357, 207], [104, 210, 106, 211], [142, 216, 143, 217], [149, 216, 152, 217], [154, 216, 154, 217], [306, 216, 309, 217], [338, 222, 338, 222], [253, 296, 316, 310]]
Cars50.png[[27, 86, 560, 219], [147, 129, 458, 184], [261, 135, 264, 136], [141, 150, 143, 151], [95, 152, 95, 153], [142, 154, 143, 154], [347, 154, 347, 154], [140, 157, 144, 158], [140, 160, 144, 161], [388, 160, 388, 160], [151, 164, 151, 164], [142, 166, 143, 166], [432, 166, 432, 166], [247, 172, 248, 172], [498, 174, 499, 174], [463, 180, 464, 180]]
Cars78.png[[160, 208, 230, 233]]
Cars87.png[[209, 12, 310, 39], [210, 26, 210, 26], [194, 30, 194, 32], [201, 30, 204, 32], [314, 30, 314, 32], [194, 37, 195, 38], [201, 37, 204, 38], [234, 43, 274, 44], [230, 44, 230, 44], [283, 44, 285, 44], [291, 44, 292, 44], [234, 203, 234, 204], [236, 203, 240, 205], [228, 210, 230, 211], [234, 210, 240, 211], [228, 216, 240, 217]]
Cars93.png[[220, 14, 329, 56], [29, 24, 327, 112], [191, 37, 194, 38], [290, 49, 294, 56], [302, 49, 304, 56], [280, 50, 284, 56], [296, 67, 298, 69], [302, 67, 304, 69], [308, 67, 311, 69], [314, 67, 316, 69], [218, 89, 218, 90], [223, 89, 224, 90], [314, 92, 315, 93], [298, 98, 298, 99]]
Cars166.png[[52, 113, 233, 154]]
Cars172.png[[37, 89, 181, 134], [123, 92, 125, 93], [183, 111, 184, 114], [186, 111, 186, 114], [61, 201, 316, 254], [306, 216, 307, 217], [297, 220, 298, 221], [320, 228, 322, 229], [332, 234, 333, 234], [343, 234, 343, 234], [130, 252, 131, 252], [49, 277, 131, 300]]
Cars358.png[[291, 129, 291, 134], [298, 129, 298, 130], [166, 160, 180, 174], [179, 160, 180, 160]]
Cars364.png[[149, 50, 307, 186]]
Cars402.png[[271, 55, 274, 55], [277, 55, 279, 55], [268, 61, 279, 61], [281, 61, 285, 61], [50, 111, 211, 174], [43, 210, 162, 248]]
Cars416.png[[74, 12, 137, 32], [140, 12, 143, 26], [148, 12, 149, 26], [148, 129, 345, 234], [164, 192, 164, 192]]
Cars370.png[[43, 27, 335, 84], [145, 57, 146, 58], [159, 57, 159, 58], [37, 151, 203, 214], [98, 216, 100, 217], [104, 216, 106, 217], [321, 253, 322, 266], [327, 253, 330, 266], [333, 253, 335, 266], [339, 253, 341, 266]]
Cars417.png[[74, 141, 282, 186], [113, 186, 113, 186], [117, 186, 117, 186]]
Cars371.png[[29, 7, 233, 74], [101, 51, 103, 51], [107, 51, 109, 51], [145, 51, 147, 51], [166, 96, 353, 168], [172, 142, 173, 143]]
Cars365.png[[40, 18, 218, 114], [61, 179, 273, 284], [156, 180, 156, 180], [153, 219, 153, 219], [155, 219, 155, 219]]
Cars403.png[[90, 90, 254, 118], [80, 98, 82, 106], [88, 98, 88, 106]]
Cars207.png[]
Cars213.png[]
Cars53.png[]
Cars47.png[]
Cars90.png[]
Cars159.png[]
Cars84.png[]
Cars171.png[]
Cars165.png[]
Cars398.png[]
Cars429.png[]
Cars373.png[]
Cars415.png[]
Cars401.png[]
Cars367.png[]
Cars400.png[]
Cars366.png[]
Cars372.png[]
Cars414.png[]
Cars428.png[]
Cars399.png[]
Cars164.png[]
Cars170.png[]
Cars85.png[]
Cars158.png[]
Cars91.png[]
Cars46.png[]
Cars52.png[]
Cars212.png[]
Cars206.png[]
Cars238.png[]
Cars210.png[]
Cars204.png[]
Cars199.png[]
Cars44.png[]
Cars50.png[]
Cars78.png[]
Cars87.png[]
Cars93.png[]
Cars166.png[]
Cars172.png[]
Cars358.png[]
Cars364.png[]
Cars402.png[]
Cars416.png[]
Cars370.png[]
Cars417.png[]
Cars371.png[]
Cars365.png[]
Cars403.png[]
Cars207.png[[14, 43, 382, 335], [238, 52, 345, 90], [174, 144, 178, 146], [188, 144, 190, 146], [211, 144, 215, 146], [171, 148, 225, 151], [172, 149, 173, 149], [228, 149, 230, 149], [227, 151, 230, 151], [245, 152, 246, 153], [175, 154, 224, 161], [249, 156, 252, 156], [222, 157, 224, 158], [230, 158, 230, 158], [245, 159, 246, 159], [172, 160, 173, 160], [230, 160, 230, 160], [174, 163, 174, 163], [186, 166, 186, 166], [203, 166, 203, 166], [159, 230, 159, 230], [163, 230, 165, 230], [163, 232, 165, 233], [144, 235, 148, 236], [8, 381, 384, 471], [124, 413, 125, 414], [130, 413, 131, 415], [134, 413, 136, 415], [97, 413, 219, 434], [209, 420, 211, 421], [222, 426, 224, 427], [228, 426, 230, 427], [95, 428, 95, 430], [258, 428, 258, 430], [209, 431, 214, 433], [216, 431, 218, 433], [222, 431, 224, 433], [227, 431, 234, 433], [236, 432, 236, 433], [238, 432, 242, 433], [247, 432, 248, 433], [253, 432, 254, 433], [261, 432, 263, 433], [235, 436, 235, 436], [245, 436, 245, 436], [249, 436, 249, 436], [258, 436, 260, 437], [266, 436, 270, 436]]
Cars213.png[[33, 12, 230, 99], [100, 151, 234, 195]]
Cars53.png[[17, 60, 370, 242]]
Cars47.png[[129, 11, 352, 181], [105, 253, 137, 273], [140, 253, 143, 273]]
Cars90.png[[18, 0, 347, 134], [201, 67, 204, 67], [227, 90, 230, 91], [105, 96, 106, 99], [61, 179, 152, 213], [169, 201, 300, 248], [154, 203, 154, 203], [158, 203, 162, 203], [164, 203, 164, 203], [142, 210, 143, 211], [171, 218, 173, 218]]
Cars159.png[[12, 24, 184, 143], [284, 29, 366, 50], [298, 52, 353, 55], [298, 61, 359, 61], [63, 166, 82, 166], [124, 179, 236, 211], [30, 247, 121, 279]]
Cars84.png[[74, 123, 195, 168], [140, 164, 143, 164], [43, 183, 149, 226], [52, 238, 134, 244], [82, 246, 117, 248]]
Cars171.png[[30, 12, 345, 116], [314, 74, 316, 74], [20, 131, 353, 181]]
Cars165.png[[157, 22, 241, 46], [440, 22, 551, 55], [197, 30, 199, 32], [203, 30, 205, 32], [284, 30, 284, 32], [291, 30, 295, 32], [175, 74, 329, 136], [440, 142, 440, 143], [457, 142, 457, 143], [388, 148, 539, 231], [67, 216, 375, 318], [291, 234, 291, 234]]
Cars398.png[[12, 123, 293, 239]]
Cars429.png[[14, 0, 180, 50], [149, 74, 205, 99], [96, 158, 99, 158], [52, 158, 181, 195], [166, 164, 166, 164], [172, 164, 173, 164]]
Cars373.png[[14, 14, 137, 93], [37, 104, 112, 106], [11, 113, 204, 174]]
Cars415.png[[26, 18, 204, 188], [268, 164, 322, 180], [45, 191, 113, 217], [74, 253, 134, 279]]
Cars401.png[[52, 12, 174, 81], [170, 113, 173, 114], [40, 170, 181, 265]]
Cars367.png[[30, 79, 427, 143], [164, 164, 397, 254]]
Cars400.png[[67, 67, 154, 94], [97, 96, 278, 235]]
Cars366.png[[33, 11, 218, 46], [298, 14, 366, 38], [222, 18, 224, 38], [26, 123, 230, 173]]
Cars372.png[[291, 11, 434, 56], [29, 37, 144, 100], [123, 43, 125, 44], [149, 89, 149, 90], [148, 92, 151, 93], [134, 96, 136, 99], [35, 96, 483, 325], [119, 104, 119, 104], [124, 104, 125, 104], [131, 113, 131, 114], [395, 113, 396, 118], [78, 264, 94, 269], [421, 271, 539, 316], [79, 351, 195, 396]]
Cars414.png[[148, 164, 184, 174], [175, 192, 282, 230]]
Cars428.png[[59, 50, 359, 168], [117, 191, 162, 211]]
Cars399.png[[33, 67, 384, 164], [210, 75, 211, 75]]
Cars164.png[[291, 52, 329, 75], [43, 55, 144, 87], [131, 130, 131, 130], [140, 130, 143, 130], [148, 130, 152, 130], [157, 130, 158, 130], [160, 130, 160, 130], [164, 130, 168, 130], [179, 130, 203, 130], [104, 135, 160, 136], [181, 135, 181, 136], [192, 135, 194, 136], [201, 135, 203, 136], [24, 138, 324, 193], [35, 201, 106, 218]]
Cars170.png[[26, 12, 415, 116], [166, 60, 166, 60], [395, 80, 397, 80], [49, 123, 257, 278]]
Cars85.png[[175, 14, 384, 229], [210, 111, 210, 112], [223, 166, 224, 168], [74, 210, 94, 211], [97, 210, 106, 211], [111, 210, 112, 211]]
Cars158.png[[11, 120, 377, 213]]
Cars91.png[[30, 35, 354, 234], [261, 157, 261, 158], [228, 166, 230, 166], [253, 192, 254, 192], [247, 194, 248, 195], [253, 194, 254, 195]]
Cars46.png[[33, 59, 372, 118], [171, 192, 359, 241], [43, 194, 125, 224]]
Cars52.png[[22, 67, 230, 164], [160, 74, 160, 74], [17, 176, 188, 234], [240, 179, 310, 211], [192, 203, 193, 205], [124, 236, 213, 274]]
Cars212.png[[43, 24, 230, 91], [43, 111, 236, 139], [238, 117, 244, 136], [247, 117, 248, 130], [80, 141, 82, 144], [88, 141, 94, 143], [96, 141, 99, 143], [29, 148, 106, 158], [74, 185, 294, 230]]
Cars206.png[[50, 11, 353, 121], [228, 160, 322, 207], [43, 179, 117, 205], [40, 228, 125, 255]]
Cars238.png[[432, 24, 563, 63], [45, 74, 184, 118], [259, 92, 547, 248], [470, 216, 471, 221], [37, 228, 224, 291], [134, 291, 134, 291], [141, 291, 144, 291]]
Cars210.png[[18, 89, 374, 173], [130, 120, 199, 134], [201, 120, 205, 125], [245, 122, 245, 122], [249, 122, 252, 122], [210, 123, 211, 124], [135, 124, 137, 124], [192, 129, 194, 129]]
Cars204.png[[22, 24, 136, 81], [59, 89, 134, 125], [52, 140, 390, 196], [61, 203, 88, 217]]
Cars199.png[[18, 89, 374, 173], [130, 120, 199, 134], [201, 120, 205, 125], [245, 122, 245, 122], [249, 122, 252, 122], [210, 123, 211, 124], [135, 124, 137, 124], [192, 129, 194, 129]]
Cars44.png[[245, 12, 372, 44], [12, 50, 414, 118], [313, 52, 314, 54], [8, 169, 427, 244], [223, 203, 224, 203], [228, 203, 232, 203], [238, 203, 242, 203], [246, 203, 248, 203], [252, 203, 255, 203], [261, 203, 265, 203], [271, 203, 274, 203], [276, 203, 304, 205], [306, 203, 307, 203], [107, 206, 112, 208], [126, 206, 130, 208], [137, 206, 139, 208], [144, 206, 147, 208], [153, 206, 157, 208], [163, 206, 163, 208], [174, 206, 175, 207], [185, 206, 191, 208], [195, 206, 200, 208], [206, 206, 209, 207], [118, 207, 123, 207], [132, 207, 133, 207], [159, 207, 159, 207], [165, 207, 165, 207], [271, 208, 309, 213], [228, 209, 232, 211], [238, 209, 242, 211], [246, 209, 248, 211], [252, 209, 255, 211], [261, 209, 265, 211], [314, 209, 315, 211], [268, 210, 269, 211], [266, 215, 267, 215], [270, 215, 270, 215], [305, 215, 305, 215], [185, 284, 334, 319]]
Cars50.png[[17, 12, 545, 315], [157, 37, 158, 38], [160, 37, 160, 38], [500, 74, 501, 76], [280, 105, 283, 105], [291, 142, 292, 143], [310, 144, 314, 146], [287, 145, 287, 146], [301, 145, 301, 146], [271, 148, 366, 162], [145, 152, 146, 153], [153, 152, 153, 153], [157, 152, 157, 153], [159, 152, 159, 153], [328, 154, 329, 154], [144, 155, 147, 156], [368, 155, 369, 155], [270, 156, 270, 156], [358, 158, 359, 158], [151, 160, 151, 160], [271, 160, 274, 160], [145, 163, 146, 163], [153, 163, 153, 163], [155, 163, 155, 163], [157, 163, 157, 163], [159, 163, 159, 163], [163, 163, 163, 163], [165, 163, 165, 163], [380, 163, 380, 163], [283, 164, 285, 164], [290, 164, 367, 168], [339, 164, 347, 164], [358, 164, 359, 164], [132, 165, 133, 165], [163, 165, 163, 165], [266, 165, 267, 165], [283, 166, 285, 166], [144, 169, 147, 171], [152, 170, 159, 171], [279, 170, 280, 170], [287, 170, 287, 170], [375, 170, 375, 170], [378, 170, 381, 170], [350, 171, 354, 173], [315, 172, 315, 173], [320, 172, 320, 173], [328, 172, 329, 173], [341, 172, 345, 173], [358, 172, 359, 173]]
Cars78.png[[59, 52, 232, 130], [70, 200, 219, 241]]
Cars87.png[[101, 92, 344, 248], [228, 92, 230, 93]]
Cars93.png[[209, 6, 307, 32], [35, 12, 214, 155], [228, 35, 335, 63], [253, 43, 257, 44], [253, 89, 341, 114], [210, 120, 210, 121]]
Cars166.png[[89, 44, 162, 76], [30, 110, 252, 158]]
Cars172.png[[37, 30, 94, 39], [56, 56, 94, 56], [97, 56, 99, 56], [22, 74, 267, 144], [26, 148, 106, 173], [183, 148, 265, 173], [110, 154, 113, 166], [180, 154, 180, 168], [33, 194, 291, 256], [290, 228, 291, 229], [33, 260, 174, 309], [172, 268, 173, 269], [176, 268, 181, 269], [176, 271, 181, 291]]
Cars358.png[[170, 30, 294, 75], [200, 86, 314, 144], [210, 148, 274, 151], [201, 160, 211, 160]]
Cars364.png[[138, 43, 240, 76], [43, 105, 82, 106], [37, 111, 94, 121], [37, 134, 106, 137], [29, 140, 106, 161], [104, 160, 106, 161], [49, 166, 99, 166]]
Cars402.png[[210, 40, 335, 92], [333, 55, 333, 76], [210, 87, 210, 87], [201, 105, 204, 106], [209, 105, 211, 106], [231, 105, 285, 106], [87, 110, 344, 169], [105, 124, 106, 124], [227, 150, 230, 151], [234, 151, 234, 151], [90, 154, 94, 158], [218, 164, 218, 164], [18, 203, 174, 252]]
Cars416.png[[61, 6, 195, 38], [37, 50, 196, 99], [37, 129, 106, 151], [74, 154, 82, 154], [43, 157, 106, 158], [22, 160, 180, 230]]
Cars370.png[[26, 22, 264, 94], [90, 104, 94, 106], [98, 104, 100, 106], [30, 141, 267, 234], [79, 158, 82, 158], [104, 245, 196, 279], [302, 247, 379, 278], [111, 259, 112, 264]]
Cars417.png[[24, 22, 113, 54], [67, 140, 285, 218], [246, 186, 248, 186], [74, 265, 158, 270], [160, 265, 162, 266], [166, 265, 166, 266]]
Cars371.png[[67, 7, 354, 181], [314, 26, 315, 26], [164, 140, 166, 143]]
Cars365.png[[35, 37, 300, 343], [172, 130, 173, 130]]
Cars403.png[[43, 80, 315, 125], [228, 80, 230, 84], [223, 82, 224, 84], [175, 142, 324, 240], [277, 192, 278, 198], [314, 238, 314, 239]]
